(480, 381)
(480, 386)
(480, 389)
(479, 392)
(479, 395)
(479, 395)
(479, 397)
(479, 398)
(482, 402)
(484, 404)
(484, 406)
(485, 407)
(487, 409)
(485, 413)
(485, 416)
(485, 419)
(485, 424)
(486, 428)
(486, 434)
(486, 438)
(489, 442)
(490, 445)
(490, 449)
(490, 454)
(491, 456)
(491, 458)
(491, 463)
(492, 465)
(492, 467)
(492, 471)
(495, 473)
(499, 479)
(500, 482)
(504, 485)
(507, 486)
(516, 490)
(521, 493)
(527, 493)
(535, 495)
(541, 494)
(546, 494)
(551, 494)
(557, 490)
(564, 490)
(569, 489)
(572, 487)
(577, 485)
(582, 481)
(585, 477)
(591, 474)
(598, 470)
(602, 467)
(606, 466)
(612, 463)
(617, 460)
(620, 459)
(626, 455)
(630, 453)
(632, 451)
(636, 447)
(641, 444)
(647, 442)
(654, 439)
(658, 437)
(663, 433)
(665, 430)
(667, 426)
(671, 422)
(672, 416)
(675, 414)
(678, 411)
(679, 407)
(680, 403)
(682, 400)
(683, 396)
(683, 391)
(683, 387)
(684, 383)
(686, 379)
(684, 370)
(685, 364)
(689, 355)
(683, 355)
(683, 349)
(681, 339)
(681, 334)
(682, 327)
(683, 321)
(683, 313)
(683, 307)
(684, 301)
(684, 297)
(685, 294)
(687, 290)
(689, 285)
(691, 283)
(693, 280)
(695, 276)
(697, 274)
(698, 271)
(700, 269)
(703, 266)
(707, 264)
(710, 262)
(714, 259)
(717, 258)
(717, 257)
(719, 257)
(721, 256)
(723, 256)
(725, 256)
(725, 256)
(728, 256)
(731, 258)
(733, 259)
(734, 261)
(735, 261)
(736, 259)
(736, 258)
(736, 255)
(736, 250)
(736, 244)
(736, 241)
(736, 237)
(736, 232)
(736, 228)
(736, 225)
(736, 222)
(736, 218)
(737, 215)
(737, 212)
(737, 209)
(738, 204)
(739, 200)
(740, 197)
(740, 196)
(741, 193)
(741, 188)
(741, 185)
(741, 182)
(741, 177)
(741, 173)
(741, 168)
(740, 163)
(739, 161)
(738, 159)
(737, 156)
(733, 151)
(731, 149)
(729, 146)
(722, 141)
(717, 138)
(715, 138)
(713, 137)
(707, 135)
(705, 134)
(706, 130)
(709, 126)
(708, 118)
(705, 108)
(703, 101)
(702, 98)
(699, 96)
(697, 97)
(697, 99)
(697, 104)
(701, 108)
(704, 112)
(706, 121)
(702, 124)
(703, 131)
(703, 125)
(702, 121)
(698, 118)
(695, 115)
(694, 110)
(694, 107)
(691, 103)
(689, 99)
(688, 95)
(684, 91)
(683, 90)
(679, 86)
(676, 85)
(674, 81)
(672, 79)
(670, 77)
(674, 83)
(676, 87)
(678, 90)
(680, 94)
(684, 99)
(685, 102)
(687, 105)
(686, 106)
(684, 106)
(681, 102)
(678, 97)
(677, 94)
(671, 89)
(669, 86)
(667, 82)
(665, 78)
(662, 74)
(661, 72)
(656, 69)
(653, 67)
(651, 67)
(651, 67)
(651, 67)
(654, 68)
(656, 73)
(659, 75)
(662, 77)
(663, 81)
(666, 85)
(670, 90)
(672, 94)
(676, 100)
(678, 104)
(679, 109)
(677, 103)
(674, 99)
(674, 99)
(669, 94)
(665, 91)
(662, 87)
(658, 81)
(653, 78)
(650, 74)
(647, 71)
(646, 70)
(644, 67)
(639, 64)
(639, 64)
(636, 62)
(633, 58)
(627, 55)
(627, 55)
(622, 53)
(615, 49)
(619, 53)
(624, 58)
(633, 62)
(638, 66)
(642, 72)
(642, 72)
(634, 69)
(626, 64)
(614, 58)
(613, 57)
(612, 56)
(611, 54)
(611, 54)
(614, 57)
(616, 60)
(614, 60)
(608, 60)
(595, 58)
(601, 59)
(607, 59)
(588, 57)
(588, 59)
(592, 62)
(590, 63)
(586, 61)
(577, 58)
(573, 58)
(568, 57)
(565, 57)
(570, 62)
(563, 61)
(559, 61)
(556, 62)
(555, 62)
(552, 64)
(548, 69)
(544, 70)
(547, 73)
(549, 73)
(553, 75)
(551, 77)
(551, 77)
(546, 77)
(541, 75)
(539, 72)
(539, 72)
(534, 70)
(531, 69)
(530, 69)
(536, 75)
(542, 78)
(534, 81)
(534, 81)
(528, 77)
(524, 75)
(521, 73)
(517, 70)
(512, 67)
(513, 71)
(516, 73)
(518, 76)
(519, 78)
(519, 82)
(518, 82)
(511, 77)
(510, 75)
(505, 72)
(500, 69)
(500, 69)
(496, 66)
(495, 64)
(495, 64)
(494, 62)
(493, 60)
(491, 58)
(488, 56)
(485, 58)
(488, 61)
(492, 66)
(495, 70)
(495, 75)
(498, 80)
(499, 84)
(499, 86)
(496, 88)
(495, 88)
(492, 87)
(490, 83)
(490, 79)
(490, 78)
(490, 74)
(489, 72)
(484, 72)
(485, 76)
(486, 79)
(486, 79)
(484, 80)
(484, 79)
(484, 78)
(482, 74)
(482, 71)
(487, 68)
(487, 65)
(487, 62)
(485, 57)
(477, 60)
(473, 61)
(472, 67)
(472, 70)
(471, 75)
(471, 79)
(471, 84)
(471, 87)
(470, 88)
(465, 90)
(453, 86)
(452, 86)
(446, 84)
(441, 80)
(438, 79)
(445, 85)
(449, 89)
(451, 93)
(450, 93)
(448, 95)
(443, 91)
(445, 99)
(448, 103)
(450, 109)
(446, 107)
(440, 101)
(438, 97)
(438, 101)
(441, 106)
(443, 112)
(445, 115)
(448, 119)
(449, 124)
(446, 122)
(442, 116)
(440, 113)
(440, 113)
(442, 121)
(446, 128)
(448, 132)
(450, 134)
(453, 139)
(445, 138)
(444, 134)
(440, 139)
(441, 142)
(444, 147)
(446, 151)
(448, 154)
(450, 158)
(450, 160)
(454, 165)
(456, 169)
(461, 173)
(464, 174)
(465, 176)
(467, 176)
(467, 176)
(470, 179)
(467, 180)
(462, 182)
(456, 185)
(456, 187)
(456, 189)
(454, 192)
(454, 195)
(453, 201)
(455, 198)
(458, 196)
(462, 192)
(465, 191)
(461, 191)
(461, 194)
(461, 196)
(461, 201)
(461, 203)
(467, 202)
(468, 199)
(471, 195)
(477, 192)
(479, 190)
(479, 184)
(479, 181)
(483, 176)
(484, 171)
(485, 167)
(484, 172)
(485, 173)
(488, 172)
(493, 171)
(500, 169)
(509, 170)
(518, 170)
(523, 170)
(524, 170)
(529, 169)
(536, 166)
(541, 164)
(544, 164)
(551, 162)
(556, 161)
(563, 158)
(570, 157)
(574, 155)
(581, 154)
(586, 152)
(591, 150)
(594, 149)
(597, 148)
(599, 147)
(602, 146)
(604, 144)
(607, 143)
(611, 143)
(613, 143)
(616, 142)
(622, 140)
(625, 140)
(632, 138)
(638, 138)
(642, 139)
(645, 140)
(647, 139)
(654, 139)
(649, 142)
(647, 142)
(634, 141)
(645, 144)
(641, 145)
(634, 147)
(631, 148)
(627, 150)
(623, 151)
(621, 152)
(620, 157)
(621, 160)
(623, 163)
(624, 167)
(625, 171)
(627, 176)
(628, 178)
(630, 181)
(631, 184)
(632, 186)
(634, 190)
(638, 193)
(639, 195)
(645, 198)
(647, 201)
(646, 201)
(641, 199)
(638, 196)
(633, 192)
(631, 191)
(628, 189)
(627, 188)
(625, 186)
(625, 184)
(622, 185)
(623, 190)
(625, 193)
(624, 199)
(624, 203)
(625, 207)
(628, 212)
(629, 216)
(631, 218)
(634, 222)
(637, 225)
(643, 228)
(647, 231)
(651, 235)
(655, 238)
(657, 240)
(660, 243)
(661, 244)
(662, 247)
(664, 251)
(664, 253)
(666, 258)
(666, 267)
(667, 269)
(667, 271)
(667, 273)
(667, 275)
(667, 279)
(667, 283)
(667, 286)
(667, 289)
(665, 295)
(665, 300)
(665, 303)
(664, 307)
(663, 313)
(663, 317)
(662, 320)
(661, 323)
(660, 327)
(660, 330)
(660, 333)
(660, 335)
(660, 337)
(660, 339)
(656, 342)
(654, 346)
(654, 348)
(651, 351)
(649, 352)
(648, 354)
(644, 357)
(637, 360)
(636, 362)
(634, 366)
(632, 368)
(629, 370)
(624, 370)
(623, 374)
(621, 376)
(618, 378)
(612, 380)
(610, 385)
(608, 387)
(606, 390)
(603, 392)
(602, 394)
(602, 396)
(599, 399)
(599, 401)
(597, 404)
(597, 406)
(597, 408)
(596, 413)
(596, 416)
(595, 419)
(595, 422)
(595, 426)
(595, 428)
(594, 428)
(594, 430)
(593, 430)
(594, 426)
(595, 421)
(594, 417)
(592, 412)
(590, 407)
(589, 402)
(588, 399)
(588, 399)
(588, 396)
(587, 393)
(587, 390)
(584, 384)
(584, 383)
(581, 380)
(581, 380)
(581, 380)
(573, 375)
(570, 374)
(565, 370)
(564, 370)
(561, 369)
(557, 367)
(552, 365)
(549, 364)
(543, 359)
(542, 359)
(539, 357)
(532, 355)
(532, 355)
(530, 354)
(527, 352)
(522, 350)
(519, 352)
(519, 357)
(516, 360)
(509, 356)
(506, 356)
(506, 356)
(505, 356)
(502, 356)
(501, 360)
(500, 363)
(497, 365)
(496, 369)
(493, 371)
(489, 376)
(488, 380)
(486, 381)
(483, 385)
(481, 387)
(481, 389)
(478, 393)
(479, 399)
(482, 403)
(484, 405)
(484, 406)
(486, 407)
(487, 408)
(487, 408)
(487, 409)
(487, 412)
(487, 415)
(487, 417)
(487, 418)
(487, 420)
(487, 422)
(487, 424)
(487, 425)